REALIZANDO ANALISIS
APLICANDO ALGORITMO 1 vmc2...
COSTE: 3094.278434464387
opt%: 19.97977644297739 mili:198
APLICANDO ALGORITMO 2 ime...
COSTE: 3042.319520242773
opt%: 17.965084150553423 mili:112
APLICANDO ALGORITMO 3 iml...
COSTE: 2993.9173885307914
opt%: 16.088305100069462 mili:119
APLICANDO ALGORITMO 4 rnd...
COSTE: 30327.128334212775
opt%: 1075.9258756965016 mili:839
