REALIZANDO ANALISIS
APLICANDO ALGORITMO 1 vmc2...
COSTE: 312237.2697606546
opt%: 20.53398821079527 mili:5980
APLICANDO ALGORITMO 2 ime...
COSTE: 296508.4188727618
opt%: 14.462127766512294 mili:4419
APLICANDO ALGORITMO 3 iml...
COSTE: 294302.99160653586
opt%: 13.610759368656355 mili:4626
APLICANDO ALGORITMO 4 rnd...
COSTE: 6074840.65566322
opt%: 2245.090874428466 mili:3444
