REALIZANDO ANALISIS
APLICANDO ALGORITMO 1 vmc2...
COSTE: 8182.1915557256725
opt%: 8.48835263492008 mili:32
APLICANDO ALGORITMO 2 ime...
COSTE: 8286.868307256831
opt%: 9.87627031631969 mili:19
APLICANDO ALGORITMO 3 iml...
COSTE: 8330.638177959221
opt%: 10.456618641729264 mili:19
APLICANDO ALGORITMO 4 rnd...
COSTE: 23630.859238834702
opt%: 213.32351151995098 mili:214
